140
shortest_path: -1
-1 566 729 355 917 16 598 874 520 960 976 178 665 324 533 705 791 263 83 579 336 345 588 246 40 180 930 967 29 657 782 483 343 75 349 23 421 843 909 290 655 921 575 850 17 565 294 891 733 11 706 269 458 344 231 935 874 483 720 979 887 770 343 706 675 175 610 503 76 651 771 668 829 853 153 538 12 313 499 335 106 420 696 567 629 700 758 580 467 326 780 995 754 587 977 403 186 415 455 151 837 637 580 362 406 162 794 107 497 161 547 840 742 623 134 841 137 124 768 805 448 265 216 75 889 354 346 499 840 846 925 387 800 456 323 285 505 205 143 336 
460 -1 711 551 211 883 469 729 345 353 986 955 773 602 139 188 64 356 509 764 558 519 436 854 429 366 84 767 142 212 957 465 179 227 425 401 459 149 33 738 563 590 709 843 486 770 449 990 674 915 29 924 425 877 212 793 956 891 900 360 989 373 205 82 226 821 35 681 461 678 234 682 809 313 640 542 915 307 814 797 105 833 64 550 379 94 623 216 202 165 423 307 464 302 887 260 450 347 287 369 175 577 616 843 628 775 502 232 983 347 71 982 413 317 551 360 382 232 314 706 417 869 427 458 643 472 195 576 738 375 97 13 567 110 710 229 742 865 835 980 
170 554 -1 885 352 961 973 748 682 515 198 559 252 863 402 63 727 404 738 514 661 57 765 85 346 418 998 128 883 618 548 884 53 779 655 38 324 744 769 315 157 194 151 130 990 341 367 177 491 260 960 389 45 444 133 332 500 828 338 767 830 483 710 647 479 654 357 740 696 824 541 15 175 307 463 203 777 944 340 245 661 699 917 651 209 993 466 597 420 781 145 438 983 361 62 21 615 723 639 559 270 938 572 457 330 353 536 983 285 314 387 604 885 196 171 812 324 159 109 844 781 406 364 941 291 861 470 333 310 771 78 467 312 749 319 26 474 219 429 341 
536 992 714 -1 133 886 82 543 349 288 536 813 17 806 301 992 370 307 188 691 115 910 644 596 974 640 705 66 849 962 33 35 840 26 514 546 216 757 818 51 525 945 752 903 558 270 900 432 105 942 201 346 817 935 661 949 586 372 714 685 874 461 579 340 176 92 436 146 350 908 578 509 922 671 598 324 903 499 789 677 626 252 124 768 192 151 305 28 821 610 24 855 490 124 148 215 880 162 443 705 79 645 395 592 48 272 331 298 621 21 287 597 565 764 985 662 509 248 274 621 669 547 467 587 556 282 222 470 420 483 794 880 534 733 895 379 194 516 599 380 
937 59 106 872 -1 658 173 102 572 623 127 125 58 449 737 977 830 532 426 999 992 666 911 830 518 163 134 613 749 152 748 459 386 873 963 360 63 939 93 755 687 369 168 745 520 574 703 719 20 337 560 261 94 236 115 166 948 666 18 12 997 911 840 73 226 170 61 158 312 163 424 597 311 146 687 654 281 817 611 500 217 187 663 40 242 284 169 1000 181 67 497 138 874 543 220 880 213 28 206 105 670 67 591 539 440 738 253 888 660 942 246 211 822 586 420 356 177 326 64 294 45 303 916 992 690 143 201 273 931 87 737 65 311 82 89 35 318 838 229 178 
580 911 410 137 517 -1 207 359 435 554 15 460 394 393 765 15 258 802 567 884 915 250 682 929 304 190 16 968 161 145 290 733 939 888 960 139 824 157 983 533 184 618 406 621 422 831 652 661 18 498 715 402 196 39 611 947 407 874 13 185 862 485 948 156 921 653 239 753 622 899 633 308 817 184 219 561 106 501 192 26 867 867 571 402 266 481 683 754 872 252 328 820 53 93 327 988 108 982 348 486 126 873 560 577 615 461 427 848 510 292 278 507 273 623 49 956 954 143 801 380 606 842 297 528 851 998 631 746 557 779 31 762 416 568 907 314 268 697 388 243 
384 597 31 533 179 393 -1 136 480 425 902 844 392 272 809 776 758 829 423 517 364 510 708 980 889 387 698 207 733 633 256 898 205 565 605 447 294 546 285 653 751 588 118 161 828 94 435 279 149 411 839 665 733 643 250 279 164 632 229 102 752 41 267 481 349 791 208 716 221 136 576 392 508 27 160 504 256 743 991 373 19 16 263 589 920 935 860 845 998 867 735 43 138 930 988 987 513 340 489 902 426 104 161 483 938 594 275 613 607 134 74 465 291 682 337 310 430 419 727 232 681 992 677 237 89 975 713 614 856 712 51 10 551 828 501 690 701 839 202 229 
637 661 967 524 102 568 706 -1 744 338 368 379 883 648 777 189 422 490 823 617 762 703 217 635 377 776 275 384 379 120 223 820 617 275 475 681 872 320 287 104 203 194 646 644 607 338 833 821 351 987 914 447 120 247 892 875 824 347 297 707 421 859 984 266 88 24 892 581 638 234 541 143 332 669 193 900 797 798 515 812 867 745 827 879 242 970 601 178 246 200 446 340 197 507 84 679 551 19 265 837 762 121 57 365 518 964 580 201 278 585 110 591 344 92 958 781 500 285 473 245 102 501 525 416 888 84 715 440 444 253 403 370 520 885 331 960 104 122 783 661 
848 711 445 812 388 713 617 194 -1 688 51 430 266 476 386 488 967 203 900 483 757 399 983 474 776 563 598 183 969 691 733 223 359 378 667 922 639 513 991 673 40 439 895 748 559 482 134 636 115 43 487 806 816 507 958 994 461 307 580 843 424 602 959 586 969 704 523 772 653 740 668 601 321 806 960 879 362 633 143 558 155 884 947 651 19 999 120 690 139 926 468 616 964 269 652 686 342 846 118 404 74 161 679 884 282 73 302 939 141 596 950 613 86 557 618 191 125 682 556 494 948 900 152 19 846 731 370 722 181 325 866 959 774 983 297 706 471 873 222 969 
349 272 643 197 197 391 277 242 320 -1 944 114 658 910 554 436 575 376 347 72 495 330 759 603 280 198 702 966 544 816 316 141 277 864 655 30 15 88 221 612 204 64 521 248 423 62 620 96 690 599 659 446 938 877 538 209 474 658 240 364 161 979 245 87 303 701 443 489 780 839 900 668 667 823 331 885 27 163 156 653 441 894 15 660 459 428 371 524 401 634 545 984 237 598 136 465 307 330 724 590 401 576 792 863 169 511 185 600 764 893 46 663 625 323 107 390 778 419 521 308 383 67 589 696 968 822 917 343 445 539 618 710 126 485 143 910 614 172 559 459 
943 170 816 260 943 99 33 451 872 53 -1 380 189 702 396 241 782 557 268 271 953 694 853 736 469 382 76 861 822 790 257 34 356 533 498 853 615 954 392 447 985 348 87 277 265 29 12 560 477 229 186 915 36 479 884 886 230 192 407 36 716 843 23 391 300 411 111 50 890 81 954 292 108 981 396 726 649 560 743 838 182 117 467 231 807 259 81 180 765 936 251 304 433 739 426 428 221 119 255 418 616 317 788 458 151 840 13 670 712 641 490 650 299 781 194 543 987 488 306 151 473 519 648 792 506 612 281 702 910 420 405 279 272 945 125 663 922 709 65 441 
995 196 591 117 878 611 543 966 605 996 647 -1 81 108 608 407 33 270 254 686 586 621 269 209 261 40 553 72 390 592 367 832 871 398 197 375 596 626 821 869 165 940 717 105 557 703 172 985 877 770 333 914 679 471 999 837 220 667 900 931 876 875 96 777 980 894 87 25 530 702 982 233 597 270 503 665 236 167 455 663 871 246 194 773 602 769 117 833 781 724 229 610 266 331 590 141 180 128 336 81 679 543 972 337 329 431 735 533 649 403 507 20 348 387 932 909 667 967 420 423 512 379 314 392 127 826 261 761 844 23 64 893 632 613 107 274 43 257 518 770 
528 759 813 919 520 381 962 800 99 85 378 649 -1 557 835 943 449 784 432 545 197 721 55 706 505 586 937 889 906 257 17 830 77 155 892 215 424 771 191 373 444 592 895 740 739 34 360 825 564 842 547 426 213 814 316 724 416 128 762 302 924 468 615 513 139 587 833 224 592 633 306 106 296 264 467 883 536 884 46 593 373 245 393 993 340 672 283 13 171 780 119 95 898 931 102 555 309 125 443 930 352 562 127 976 573 790 861 836 323 120 383 988 312 150 441 592 568 507 205 245 399 578 250 402 789 950 602 495 308 319 971 218 651 211 394 194 557 554 298 879 
177 481 279 712 40 56 445 932 846 158 401 698 42 -1 36 240 85 592 991 938 221 295 976 965 818 103 182 43 745 394 111 999 530 589 119 716 505 197 238 681 729 92 352 948 586 476 105 225 311 905 93 1000 803 182 501 202 373 403 588 759 986 60 201 577 176 596 439 177 294 981 659 344 345 485 102 302 918 983 869 674 616 731 539 770 15 637 21 198 532 813 21 391 671 926 389 565 264 156 311 765 296 369 787 688 468 540 213 326 185 319 219 788 548 583 897 511 695 224 740 196 814 533 764 600 262 700 28 226 694 734 152 923 953 573 618 606 928 135 714 498 
515 682 732 755 44 155 471 377 121 932 339 844 259 740 -1 450 861 838 307 394 854 321 557 67 914 660 750 217 316 61 293 670 144 788 976 525 677 137 707 511 164 562 123 118 476 208 793 831 348 281 19 374 236 876 976 485 317 610 763 97 742 830 245 285 986 420 109 391 653 96 612 291 156 123 596 560 341 268 742 517 349 826 187 394 179 264 870 844 776 169 286 42 269 806 867 845 282 432 43 187 979 909 36 781 823 608 470 781 743 750 451 657 474 39 291 262 922 281 395 572 798 596 561 952 180 719 412 243 543 438 301 422 292 829 532 149 704 77 687 913 
961 273 932 585 361 155 818 338 356 735 425 326 825 972 329 -1 126 642 620 720 888 516 570 562 360 200 792 277 851 775 797 39 830 979 128 78 587 191 707 389 917 844 362 136 374 119 659 651 259 219 859 839 370 152 647 232 860 23 242 834 588 616 636 882 944 381 902 477 193 479 337 232 189 227 321 204 513 181 935 530 147 305 592 531 91 257 395 673 769 573 636 884 477 845 706 485 16 819 456 867 613 59 571 565 290 651 705 454 653 692 306 679 247 366 662 40 562 179 442 66 776 15 767 436 160 206 786 117 406 476 248 879 205 447 758 247 328 185 696 516 
282 161 637 584 46 525 869 51 261 886 414 283 579 983 281 476 -1 709 672 533 266 636 462 131 484 215 180 288 361 961 563 967 335 108 641 330 26 180 516 905 78 260 166 196 641 937 35 579 254 719 239 770 932 910 946 120 318 542 734 177 102 909 966 676 773 619 363 535 590 741 140 920 275 597 104 445 808 155 803 834 695 537 680 921 738 516 694 593 341 258 525 741 647 199 76 497 330 906 270 662 599 704 853 605 566 820 889 17 874 973 318 882 705 799 479 410 392 80 671 251 941 829 441 927 349 312 367 531 43 853 359 100 211 148 375 484 422 807 867 67 
355 447 206 41 513 105 492 649 280 149 181 83 779 521 564 685 503 -1 383 618 17 104 935 874 342 118 467 98 686 712 93 517 404 363 684 346 811 515 56 394 180 124 851 745 810 321 929 637 939 852 908 515 266 501 206 785 650 811 267 549 937 462 678 435 286 846 128 390 86 227 716 842 969 124 841 328 316 662 672 563 750 23 20 93 534 231 887 362 915 818 613 540 895 924 858 725 475 988 972 228 325 176 670 283 220 590 455 56 934 277 229 441 182 481 628 247 496 354 285 708 930 32 445 863 639 94 456 255 266 296 706 170 281 845 473 243 318 963 74 482 
975 410 661 879 610 437 219 630 980 576 542 321 319 747 281 451 466 140 -1 15 521 931 778 175 849 290 458 979 425 603 150 407 273 121 623 514 882 855 209 320 529 504 541 642 844 231 908 958 163 834 593 25 174 259 272 858 44 864 358 976 647 330 78 774 619 147 763 804 265 563 383 792 91 576 416 310 31 466 205 743 33 239 671 106 252 700 910 768 938 578 428 612 232 909 861 644 222 301 253 586 577 450 883 569 23 377 399 427 797 529 966 538 829 767 225 205 821 376 14 585 646 34 157 80 120 760 776 581 240 525 374 910 176 671 256 641 736 482 23 886 
801 979 212 322 894 284 443 642 757 216 469 968 766 544 216 819 999 401 477 -1 853 574 373 871 766 559 404 164 72 504 728 962 857 406 591 500 668 705 102 595 241 803 809 152 206 560 230 110 599 794 891 689 52 84 687 631 702 680 550 28 760 569 398 525 868 95 862 365 383 442 871 74 109 71 63 303 164 749 713 801 732 242 875 311 14 585 90 94 12 69 542 743 41 833 553 893 846 609 76 558 596 61 20 428 155 199 453 361 323 429 722 168 980 724 505 643 162 422 997 638 794 437 590 829 575 815 971 232 982 372 545 572 614 469 732 777 280 107 549 787 
519 123 617 152 466 504 86 324 359 805 738 987 190 621 520 649 897 887 186 990 -1 368 139 339 309 613 961 101 620 421 206 397 695 23 962 999 296 24 458 733 813 566 314 423 879 345 574 691 941 329 507 231 402 731 358 480 649 789 530 799 587 762 128 377 570 514 638 737 676 237 548 473 588 503 952 299 303 164 131 162 160 63 103 807 327 289 831 506 106 13 359 207 481 728 794 147 613 38 80 651 947 586 490 51 332 507 481 340 857 18 916 530 823 622 853 87 615 609 983 248 894 115 158 101 923 392 161 29 401 503 259 108 824 405 25 396 664 450 967 633 
891 845 70 883 588 880 765 599 313 558 574 153 826 632 20 191 137 315 264 825 931 -1 613 169 983 973 846 400 400 514 453 331 851 64 21 885 531 130 12 454 770 943 615 766 72 186 393 344 363 177 206 330 739 670 728 306 276 543 777 807 956 615 328 772 650 553 91 372 34 843 596 382 79 549 493 420 732 768 740 479 474 108 838 56 622 558 422 710 500 170 494 69 373 795 392 446 754 621 711 829 656 366 302 247 614 391 334 759 997 86 37 67 744 731 657 33 717 328 643 356 836 918 533 968 392 238 642 489 79 954 99 272 928 205 229 108 103 42 509 471 
636 976 763 880 641 233 348 815 39 252 427 13 267 675 88 391 49 329 485 720 711 35 -1 264 198 543 123 233 156 216 75 169 127 199 393 713 637 478 662 462 952 916 421 405 279 147 535 473 961 696 884 511 342 556 774 844 801 637 504 323 91 211 900 629 489 136 353 383 412 264 494 654 278 194 732 952 942 720 564 154 396 334 374 226 474 340 662 265 944 779 783 855 936 459 440 697 782 222 691 32 495 195 175 31 34 867 146 487 477 442 212 485 293 899 715 975 946 941 149 630 884 271 364 128 450 626 343 294 639 318 907 34 888 732 801 38 921 415 332 908 
857 986 899 182 437 317 153 387 578 443 46 910 93 163 169 84 963 667 906 837 533 676 359 -1 336 586 336 801 430 830 770 948 822 369 985 768 376 281 231 930 465 513 822 383 769 424 436 523 176 633 996 588 919 88 350 157 186 947 428 41 698 347 895 642 44 273 68 744 951 918 890 990 717 197 179 336 760 564 94 859 921 25 377 24 584 933 168 657 979 622 554 665 970 599 185 841 993 978 708 132 950 860 279 573 455 739 963 371 262 165 430 952 77 85 994 399 477 517 540 776 316 766 673 947 675 796 765 327 813 559 707 823 278 816 574 90 876 529 85 862 
275 476 63 104 575 87 657 38 230 370 356 344 824 57 600 152 266 630 196 421 807 190 514 807 -1 696 934 634 755 666 653 224 421 803 40 896 837 382 161 691 761 695 440 108 374 851 487 166 676 923 446 378 166 648 267 33 18 472 474 895 568 263 233 150 624 297 100 35 757 168 879 824 995 500 849 598 306 771 292 759 194 440 413 333 65 63 224 115 256 362 414 986 880 145 369 914 66 797 60 43 416 202 580 578 281 582 329 605 215 216 942 186 492 795 248 165 109 647 823 656 582 762 197 92 484 761 208 100 250 705 361 646 35 876 246 781 364 136 967 854 
225 592 535 958 672 362 876 814 933 292 813 696 906 523 745 73 963 536 155 317 50 398 884 571 953 -1 983 200 245 85 634 765 519 641 833 948 819 237 411 540 617 365 418 292 977 503 27 886 153 613 443 690 450 436 140 119 684 119 925 528 841 253 357 981 834 311 437 833 645 797 869 291 426 166 935 536 697 322 270 940 39 101 737 668 874 895 126 424 811 818 211 409 519 82 108 636 449 485 607 84 75 411 498 537 357 374 351 21 467 380 960 781 954 775 657 595 463 84 779 877 827 585 890 165 675 979 417 897 976 845 690 190 483 995 321 746 477 544 179 25 
816 218 787 597 426 98 616 33 746 311 607 710 509 368 831 856 594 747 525 857 688 56 705 113 916 848 -1 105 295 668 801 758 167 487 483 610 511 688 784 180 922 940 440 749 836 334 728 675 993 397 197 856 606 284 856 675 802 460 763 706 415 812 571 519 46 886 47 268 106 304 695 516 856 495 609 282 893 413 784 217 845 693 88 417 442 905 943 942 955 843 746 627 996 901 561 998 991 718 642 337 27 519 933 911 56 305 150 27 73 238 232 186 735 267 280 241 243 36 249 275 931 348 79 649 393 607 248 182 806 16 874 928 876 323 233 486 908 911 745 596 
259 811 174 884 943 981 969 553 434 535 177 202 939 719 636 131 809 611 479 822 435 233 294 124 727 692 202 -1 513 50 966 776 453 923 769 408 562 802 705 806 609 200 469 221 230 680 114 541 114 629 321 84 159 366 461 478 286 593 331 922 674 674 305 95 104 978 97 517 502 738 540 585 960 755 422 709 270 222 687 400 326 514 733 870 611 230 708 838 864 129 947 235 17 58 648 529 476 66 166 306 227 416 199 453 593 754 811 714 512 755 102 12 261 415 129 247 952 705 298 847 272 502 644 637 581 14 351 399 10 712 283 883 688 373 964 505 547 590 650 549 
705 513 930 850 273 928 241 513 78 719 398 862 231 848 972 670 176 671 259 904 364 940 632 625 869 698 88 11 -1 341 455 224 253 206 359 709 869 117 581 592 908 529 117 192 607 903 430 969 244 980 565 289 981 218 18 815 925 402 103 387 235 909 165 213 275 697 414 762 49 499 272 584 831 571 266 200 868 623 611 168 167 79 218 720 921 716 780 360 398 519 154 387 600 965 210 518 520 678 159 244 944 446 559 233 940 104 376 371 567 717 51 535 640 711 168 288 532 114 713 707 138 513 255 598 638 698 24 201 161 831 319 846 670 517 869 328 259 993 348 824 
836 481 185 653 720 806 341 951 566 12 17 125 324 888 864 321 791 397 534 599 547 448 298 202 745 225 494 164 295 -1 461 841 877 900 594 152 681 722 86 441 91 21 985 740 939 462 545 18 999 566 605 644 514 281 578 599 400 931 307 402 12 523 357 167 524 10 592 635 35 738 184 309 550 246 319 934 760 534 330 938 282 321 514 904 791 682 814 252 877 876 68 545 885 417 920 835 805 342 407 968 543 607 728 316 313 56 780 479 146 730 20 301 147 856 536 858 207 723 375 743 299 417 60 887 785 426 37 486 743 203 746 265 247 796 32 776 907 79 323 31 
137 346 791 110 539 420 464 408 992 355 81 21 330 340 423 878 705 383 268 879 352 417 852 327 935 445 133 124 407 727 -1 186 786 665 391 232 731 107 114 645 336 264 175 75 764 429 945 466 978 831 378 482 689 437 557 21 256 805 167 958 510 318 970 937 907 657 560 221 64 565 276 320 905 713 848 387 598 240 710 558 693 303 487 634 777 103 598 39 400 501 117 647 434 151 412 233 693 955 876 494 285 679 844 181 403 241 561 298 34 370 496 168 997 454 929 734 799 17 616 496 459 102 821 395 69 891 672 134 548 819 409 67 767 688 750 823 342 789 405 638 
997 435 627 773 742 739 975 587 298 375 956 328 759 702 739 116 307 111 134 413 260 708 234 874 417 217 189 80 754 566 571 -1 864 172 563 648 962 359 694 544 423 333 311 470 63 609 267 610 55 105 28 326 304 215 741 636 562 989 977 721 646 13 973 542 824 250 757 361 312 674 772 368 220 87 221 322 452 724 462 382 384 44 796 964 415 692 590 805 881 92 150 562 781 120 755 602 231 80 769 59 964 635 71 192 218 869 62 988 575 898 601 706 363 378 991 199 409 636 303 228 204 587 551 914 173 657 271 191 576 35 995 623 539 85 655 558 102 773 828 71 
559 928 49 102 525 930 757 954 740 691 840 721 122 882 553 374 489 289 501 762 83 931 935 558 548 576 859 781 193 203 90 940 -1 465 660 63 740 809 585 323 497 630 601 844 513 888 511 890 361 961 717 902 999 853 318 512 556 616 18 887 830 748 341 892 190 732 883 263 534 404 165 678 638 623 943 703 511 97 69 903 725 528 969 461 965 365 268 510 110 358 274 356 106 834 453 276 549 567 546 744 138 58 962 552 345 967 394 108 448 517 519 561 293 201 699 878 280 99 165 402 787 695 989 754 886 576 461 942 196 472 708 649 868 800 952 449 107 183 951 310 
487 896 320 647 543 935 878 329 805 656 880 955 887 712 240 830 23 786 520 496 888 461 441 689 811 237 205 454 554 137 624 154 872 -1 134 151 672 434 188 28 36 30 425 462 894 211 824 446 233 593 18 263 138 71 960 530 672 799 679 169 850 972 680 523 348 800 667 187 633 138 134 897 773 255 453 685 44 816 205 925 97 370 553 278 279 809 214 442 697 308 736 406 252 146 61 384 658 844 945 491 213 914 199 357 845 579 897 888 694 638 833 461 199 877 388 163 200 710 975 793 225 581 509 989 867 569 667 17 53 84 449 880 245 945 156 897 565 704 543 96 
976 947 418 310 159 21 906 673 203 175 311 40 413 583 87 914 444 143 468 975 885 469 370 351 354 787 417 994 430 794 865 32 358 191 -1 600 59 885 674 207 548 552 473 152 162 890 882 302 853 786 483 921 168 841 356 762 457 542 868 203 35 737 81 353 276 646 736 825 546 167 64 613 635 872 49 185 975 338 763 207 913 863 23 752 690 48 166 145 294 846 898 144 475 503 111 10 229 422 657 415 250 443 811 450 733 580 600 916 68 84 906 799 126 750 607 98 202 838 369 669 548 613 76 284 900 79 94 480 376 587 598 872 777 510 265 208 202 213 916 359 
82 654 256 175 933 330 624 884 509 377 637 328 388 494 690 65 445 743 684 54 91 488 702 486 428 981 483 870 709 40 945 275 757 626 716 -1 870 903 214 474 574 235 751 897 863 709 366 591 488 577 243 34 744 331 783 409 61 204 87 865 104 716 288 412 274 827 444 884 820 204 997 897 713 698 718 417 694 916 23 46 799 619 433 741 259 362 410 995 875 791 382 942 634 575 320 168 460 567 389 168 849 628 444 970 332 229 206 68 579 877 15 601 46 157 31 624 583 762 852 92 756 526 137 969 103 895 173 128 352 378 726 484 106 941 257 608 784 377 362 860 
994 447 576 454 943 896 214 810 816 909 913 726 782 406 74 227 842 632 161 885 281 136 773 927 250 361 867 204 255 1000 659 501 953 304 774 904 -1 874 155 535 910 15 102 613 518 304 508 564 665 505 906 89 801 81 816 510 902 203 814 420 582 165 581 240 535 373 21 67 899 172 981 931 224 356 972 941 617 68 333 629 846 831 243 949 934 239 693 579 876 738 176 530 523 260 995 283 820 184 254 32 783 857 778 498 315 574 375 555 389 109 964 313 866 243 303 90 64 59 55 531 245 213 797 817 508 294 642 695 536 575 763 755 496 281 996 293 154 767 945 443 
316 671 827 177 147 267 402 634 85 869 37 799 552 393 756 129 251 621 110 34 801 435 650 540 818 792 992 575 787 726 370 601 542 542 92 915 383 -1 116 949 551 494 426 751 145 308 902 972 199 712 176 80 327 773 316 503 755 67 251 526 196 553 948 430 290 489 350 358 492 441 533 976 500 416 793 477 375 317 166 591 433 124 250 779 368 944 262 389 208 550 953 160 355 403 406 881 549 773 419 28 461 802 417 38 932 466 582 395 527 129 786 594 40 578 847 701 788 697 540 495 514 786 204 765 940 952 334 119 659 419 995 717 464 98 905 716 752 762 362 538 
99 262 890 511 615 684 129 541 735 91 520 873 93 855 892 189 537 979 226 530 821 300 288 358 674 176 518 607 53 819 159 483 500 231 168 1000 575 240 -1 820 187 804 942 621 983 227 914 583 707 741 941 302 204 799 82 104 620 820 482 981 571 745 49 975 967 180 48 258 890 671 147 158 752 240 840 623 499 545 993 862 831 68 807 210 197 123 725 978 561 229 14 464 751 793 402 17 632 314 410 14 623 254 489 437 652 241 771 954 250 968 767 563 63 800 77 739 139 63 556 652 219 90 337 722 415 855 657 421 442 386 36 959 965 662 202 620 470 969 283 232 
885 189 846 605 461 99 847 744 664 478 637 174 388 491 337 737 909 965 364 161 286 757 855 960 341 798 34 412 679 700 975 556 42 187 950 481 702 83 677 -1 399 205 691 66 404 900 492 918 309 397 178 227 671 596 66 751 456 654 29 401 189 679 193 671 197 557 539 651 666 674 379 743 336 310 305 858 709 553 174 851 703 584 970 81 393 32 546 939 209 265 635 74 140 436 931 672 770 479 849 23 502 480 198 52 744 860 641 868 357 895 48 903 40 115 481 639 948 239 452 226 119 598 621 48 749 305 102 484 37 91 467 957 147 476 645 572 804 332 471 675 
316 830 410 98 961 955 445 252 415 492 227 444 533 715 518 707 110 617 103 798 305 266 303 942 914 102 172 824 737 724 420 33 884 197 107 462 868 975 442 546 -1 673 745 29 564 259 582 997 880 696 646 928 385 969 704 932 980 755 918 100 615 106 539 959 288 893 437 502 962 667 750 790 32 139 29 818 165 608 780 56 516 984 985 841 906 736 273 264 318 126 629 154 17 264 579 352 545 202 734 200 92 389 18 646 22 617 656 607 485 632 857 938 675 980 850 458 466 30 773 751 92 330 920 609 453 415 141 859 824 663 366 175 232 991 456 301 299 49 771 653 
389 964 118 668 626 143 549 895 331 571 425 413 329 308 629 298 488 520 196 375 698 749 657 809 977 74 763 922 402 547 523 336 77 980 45 539 661 93 966 783 648 -1 220 551 651 273 958 217 730 152 585 100 60 80 460 839 472 865 444 100 454 928 395 837 810 352 182 730 262 472 767 395 929 573 966 235 51 880 754 636 328 984 837 799 877 985 878 443 479 729 405 177 979 583 660 43 885 12 537 477 959 804 503 879 780 333 470 673 568 526 703 76 468 69 187 220 463 540 210 758 295 457 910 21 94 116 153 686 346 366 231 687 432 678 540 984 409 669 225 265 
258 305 372 788 122 214 315 77 191 174 981 933 749 831 417 710 506 598 102 50 524 886 16 349 298 584 492 239 216 695 660 707 958 884 781 48 259 424 841 59 323 898 -1 270 906 671 732 822 179 679 93 411 833 580 791 499 893 678 512 149 75 194 570 424 235 586 165 863 724 758 342 640 878 454 45 547 296 873 868 570 444 973 633 948 16 252 107 535 411 231 51 630 119 891 147 620 579 755 897 508 798 334 778 265 663 14 405 485 885 208 485 938 87 64 187 732 64 995 78 841 246 962 945 256 228 355 427 373 240 312 231 98 154 251 864 294 559 321 26 366 
716 557 301 793 623 968 773 647 406 122 410 249 830 410 910 900 263 274 606 526 407 788 768 914 262 22 116 673 277 245 29 329 397 695 42 743 886 829 849 148 97 265 257 -1 410 300 560 624 967 37 500 374 514 790 670 816 408 567 66 261 847 463 275 126 953 958 540 862 919 736 43 676 445 955 491 270 37 900 33 737 986 907 988 904 172 647 189 850 171 158 912 627 195 266 27 701 953 168 440 595 624 221 123 338 759 921 977 615 383 11 292 869 559 522 375 750 983 30 70 673 327 121 766 630 438 236 786 261 556 494 935 33 164 718 747 445 692 843 805 920 
435 797 493 273 211 262 553 51 842 552 546 393 769 591 550 485 581 75 56 529 1000 537 911 135 118 951 793 417 888 739 803 641 110 244 285 383 282 400 935 846 83 114 395 463 -1 70 580 236 889 327 274 854 906 525 90 597 791 462 845 954 581 237 339 173 715 408 533 171 946 243 80 60 485 745 493 229 245 583 421 861 219 727 575 813 897 80 638 828 290 959 776 378 959 762 65 601 912 201 309 165 12 718 865 657 586 412 77 967 587 633 181 579 166 370 564 938 338 927 70 983 310 634 509 309 881 62 928 167 999 991 769 642 511 794 805 878 125 446 983 823 
121 97 346 942 315 841 400 614 297 927 774 99 245 199 84 152 164 881 279 237 335 142 770 252 961 949 294 509 919 456 706 847 286 65 56 749 620 429 821 276 874 374 983 106 395 -1 390 62 407 683 630 53 482 641 560 127 495 911 49 324 353 950 596 87 819 600 89 590 991 794 532 132 26 261 153 227 259 749 253 354 440 661 323 540 875 476 617 353 693 130 149 975 977 164 57 72 248 631 91 601 226 547 257 408 858 217 317 543 308 520 690 805 534 314 183 555 595 272 921 933 164 917 445 626 603 232 462 771 597 758 902 535 524 870 57 394 816 223 430 444 
544 37 702 428 231 199 94 108 239 567 361 388 482 234 743 309 264 198 807 653 656 102 701 111 831 603 742 111 306 557 19 649 929 462 991 664 298 929 16 631 399 751 367 998 635 757 -1 123 12 968 645 133 535 861 444 522 617 839 762 161 915 921 429 508 815 233 805 588 339 852 618 123 44 627 929 853 506 195 219 527 807 25 187 939 576 820 728 997 312 373 693 688 643 30 249 247 645 441 321 821 758 124 794 449 268 651 970 236 453 687 777 115 22 46 227 613 396 984 96 743 696 914 893 858 576 960 379 129 198 644 753 141 473 306 60 884 573 304 295 663 
553 695 616 899 184 853 366 336 414 52 868 721 510 287 876 988 382 881 96 85 878 903 562 955 499 589 694 523 166 340 434 67 432 577 573 702 805 681 939 418 482 527 668 546 475 943 728 -1 647 189 274 534 685 819 887 128 142 825 560 216 900 306 236 733 586 523 61 58 365 903 191 568 888 120 818 258 961 956 756 944 44 792 822 888 531 712 747 517 996 391 418 792 355 244 494 195 320 204 491 828 807 508 622 176 251 33 738 873 181 999 714 809 63 922 880 904 902 489 278 454 625 349 841 879 780 19 164 852 364 440 87 416 679 585 206 762 389 400 453 497 
613 979 105 932 763 153 731 880 685 821 356 931 967 663 710 881 155 373 602 549 227 649 67 990 640 47 252 190 432 751 690 219 856 831 629 864 730 566 183 682 980 434 300 264 923 864 713 853 -1 504 873 709 787 741 235 192 819 777 22 401 872 821 209 992 305 307 136 331 31 217 65 757 298 322 764 151 725 659 993 848 341 22 790 637 874 154 576 745 759 191 947 777 886 488 835 517 623 167 337 764 369 846 278 724 123 907 37 708 637 118 889 223 228 633 270 199 482 809 928 43 111 836 327 278 924 649 867 674 309 197 881 810 928 739 419 609 205 246 896 239 
222 611 780 965 896 734 713 273 338 243 841 41 766 106 313 853 320 726 232 563 87 131 640 189 906 526 276 657 242 301 826 793 419 576 230 645 937 940 250 436 542 707 342 364 887 828 566 430 812 -1 712 232 598 146 757 135 360 290 535 514 398 632 620 762 699 401 375 804 207 214 414 525 762 805 631 104 490 120 342 507 851 643 15 564 835 279 864 339 141 981 548 913 322 30 383 659 833 672 82 604 366 121 926 766 359 156 167 223 718 608 182 982 125 74 958 720 613 800 710 323 691 751 119 601 815 623 529 288 227 78 912 773 702 188 683 212 715 220 225 842 
391 509 307 455 678 832 283 974 120 672 247 354 753 723 698 690 97 636 343 348 200 933 941 421 220 338 306 613 133 677 209 122 558 858 641 768 330 465 886 718 397 113 613 607 626 95 382 158 710 898 -1 955 891 323 868 857 384 728 271 32 347 405 950 423 410 618 670 670 909 552 507 447 858 559 58 851 717 997 744 383 677 233 214 976 475 740 207 190 892 328 214 622 425 783 609 15 19 667 22 20 874 866 977 200 48 861 907 982 887 243 817 807 416 752 219 205 187 285 337 456 80 529 876 755 846 222 446 81 495 612 373 664 111 859 810 744 369 457 300 454 
449 694 838 909 698 718 28 177 388 144 839 627 307 781 314 421 714 180 955 599 522 107 974 932 556 10 339 61 888 748 547 164 716 267 959 62 576 717 529 456 609 422 229 849 797 325 298 741 758 489 417 -1 279 916 625 582 411 146 851 709 564 339 736 762 751 332 358 664 490 195 83 512 187 773 318 604 598 954 520 495 485 593 291 957 819 93 603 379 17 206 816 823 378 20 871 721 566 159 502 916 523 156 70 721 905 141 439 71 196 474 413 338 375 451 630 98 228 42 24 249 828 576 153 569 725 838 255 481 626 447 936 304 490 488 722 834 27 948 909 318 
484 737 46 457 226 679 42 136 565 823 626 290 367 811 432 916 799 156 539 243 907 29 194 907 939 554 856 823 72 567 758 58 448 23 526 97 190 112 811 168 981 316 151 889 787 252 242 950 327 81 238 244 -1 503 180 512 341 50 627 602 187 504 512 884 883 292 634 677 327 103 506 848 872 753 490 964 699 925 840 524 843 289 949 643 277 613 97 906 808 844 305 891 932 483 689 329 253 922 461 491 105 370 983 720 633 970 860 356 69 156 953 229 61 297 137 596 380 27 920 678 983 514 901 932 435 964 334 263 705 722 79 263 907 446 51 340 768 400 535 196 
930 491 383 341 414 157 759 886 85 560 384 165 476 610 715 821 457 941 658 635 335 39 752 624 37 217 190 339 736 864 630 958 916 715 969 640 176 37 808 965 109 695 629 83 656 637 190 429 789 687 691 654 65 -1 101 757 904 640 580 432 612 507 398 981 863 127 221 620 351 220 64 675 892 702 107 868 19 230 752 27 513 859 906 281 460 683 416 632 796 760 290 369 373 25 97 762 830 873 958 515 361 644 219 529 14 193 920 995 802 45 463 681 497 579 417 459 295 499 632 102 801 321 502 744 271 209 125 766 820 116 729 702 773 448 486 224 941 104 247 235 
568 714 180 701 773 716 478 58 705 192 744 925 309 672 61 496 713 563 461 83 211 119 602 111 953 137 819 321 812 830 389 327 509 945 788 139 556 727 512 984 991 215 615 819 461 873 377 92 252 848 239 858 540 229 -1 330 997 649 145 46 265 933 701 258 263 276 178 428 447 337 732 628 302 785 732 774 592 725 216 290 595 705 511 752 727 505 881 811 18 549 306 572 514 662 488 344 662 156 117 733 442 316 658 100 562 732 282 738 611 419 125 477 42 411 148 777 986 758 238 32 387 354 16 661 392 978 608 436 182 218 316 446 583 330 697 592 699 963 639 369 
571 766 843 910 135 784 146 55 34 128 337 864 997 410 391 756 417 579 949 317 677 529 334 426 331 455 485 966 379 655 767 232 156 947 622 763 311 182 563 36 53 346 294 401 660 788 722 143 270 890 728 191 768 907 302 -1 598 35 334 372 760 318 723 932 940 922 66 375 529 415 894 164 558 739 834 94 908 364 61 899 536 188 100 830 806 551 409 867 221 871 849 398 474 719 989 401 64 678 802 959 320 250 71 700 279 768 813 376 591 420 52 593 433 415 563 189 14 950 175 531 32 968 180 617 537 510 737 709 885 323 588 380 657 647 892 823 454 353 234 169 
196 950 998 628 258 981 636 590 373 608 68 854 71 727 769 549 66 186 399 106 427 658 565 626 380 585 870 302 801 555 201 296 56 320 673 213 464 59 579 575 56 759 242 65 199 395 362 71 141 908 388 419 365 20 340 469 -1 47 302 378 730 913 463 582 239 195 294 355 457 110 955 79 478 942 465 516 323 313 721 451 453 251 501 661 318 101 547 844 415 995 981 571 449 34 423 599 461 753 566 477 424 326 112 62 878 877 529 718 173 864 587 69 785 287 557 419 229 867 441 980 769 915 106 68 760 225 428 347 525 885 529 263 929 230 214 400 639 362 399 417 
641 118 94 875 501 73 558 95 515 584 856 112 278 341 565 436 368 377 616 678 105 839 925 396 737 909 366 514 623 984 507 197 23 384 326 666 948 478 836 731 145 361 301 138 471 641 46 534 174 712 879 974 879 991 239 377 520 -1 236 358 828 42 44 64 948 299 942 313 436 532 27 632 215 209 620 579 909 235 491 880 129 997 941 213 825 357 310 890 551 534 305 879 936 102 295 821 744 425 10 743 789 754 308 756 492 715 45 981 290 151 628 412 422 938 284 622 969 980 831 56 442 229 470 891 825 777 810 973 347 152 393 924 195 308 574 824 858 389 861 48 
45 496 594 763 513 147 252 12 29 341 519 760 456 114 552 305 544 223 803 415 457 779 757 529 105 47 991 72 512 485 726 671 717 121 604 315 795 223 794 32 35 59 274 871 25 185 128 811 680 146 256 58 291 976 368 688 629 25 -1 356 292 533 599 978 853 345 514 730 865 797 306 68 966 40 649 894 787 314 422 424 779 305 641 519 668 167 666 777 999 309 836 601 199 885 41 909 52 977 465 721 944 741 380 835 108 268 618 500 751 821 837 600 234 237 961 876 353 20 907 187 317 369 18 10 202 275 125 459 943 595 790 450 722 737 170 180 35 242 779 872 
260 14 625 634 53 425 812 81 388 987 95 211 996 275 919 565 312 372 914 953 792 203 924 312 503 375 999 585 548 515 45 304 149 944 266 905 369 820 22 435 606 479 60 200 868 843 248 535 742 797 165 869 599 71 142 199 573 836 625 -1 540 419 784 656 78 615 656 342 632 85 58 295 340 72 21 272 545 589 233 754 354 121 937 972 826 841 129 199 234 279 314 209 926 952 27 500 367 733 293 980 265 315 843 35 115 458 293 449 267 535 56 145 166 106 818 213 72 64 567 773 374 419 799 855 42 937 449 110 429 913 284 992 356 794 538 334 702 448 53 384 
426 600 962 804 601 603 288 959 662 863 696 896 614 72 218 256 386 316 366 635 114 875 501 939 765 110 372 246 920 12 915 142 372 558 814 676 189 542 937 550 125 579 796 281 585 258 556 38 516 367 59 479 193 482 10 168 389 24 606 416 -1 29 396 472 947 200 601 332 513 125 973 994 824 244 572 916 540 120 885 271 511 459 987 387 600 656 124 557 392 35 260 54 642 294 113 476 253 673 532 419 85 684 682 165 505 210 123 934 725 728 185 159 345 723 611 609 21 982 997 917 104 50 698 898 967 300 468 257 611 484 68 532 514 189 618 490 625 77 630 665 
755 255 888 869 706 930 792 457 771 530 261 419 748 832 81 376 857 556 821 461 284 254 105 789 575 190 860 137 786 44 676 43 397 274 82 535 173 596 107 270 443 359 513 849 407 563 46 406 775 293 896 686 615 144 981 819 855 375 790 180 14 -1 296 132 232 85 967 272 245 696 919 87 734 485 31 599 319 313 132 39 695 914 899 372 96 718 661 856 60 152 208 157 299 342 941 405 988 60 695 135 661 540 261 299 43 996 80 199 583 719 185 118 796 159 77 753 130 893 443 119 40 574 408 872 214 932 579 381 750 395 855 295 272 641 802 799 728 718 879 623 
838 387 449 869 654 1000 369 689 994 90 577 241 793 395 405 351 374 217 756 840 37 416 860 17 356 380 62 61 570 253 730 635 672 815 618 908 890 840 123 503 379 898 81 205 609 74 372 165 563 46 790 470 747 819 502 695 774 473 873 897 879 233 -1 298 349 290 963 58 937 513 360 195 965 476 514 219 447 123 661 819 640 144 246 836 500 198 411 211 51 793 403 768 711 34 572 92 220 81 752 320 566 568 819 155 327 231 888 52 83 544 525 258 342 577 626 226 93 517 372 162 706 645 758 620 219 937 769 669 86 832 68 41 406 341 328 547 192 66 50 145 
896 678 549 519 582 736 27 942 466 788 253 302 126 750 301 369 508 590 43 474 620 850 657 989 342 815 580 811 688 142 561 776 681 98 866 362 143 393 740 244 943 726 171 431 965 922 986 844 688 693 948 376 613 642 541 597 268 843 180 456 221 175 200 -1 672 21 742 670 804 533 315 402 134 30 490 271 807 872 944 431 784 794 744 143 784 432 551 392 116 373 650 380 546 816 727 705 418 84 898 358 130 566 859 892 404 116 880 597 347 261 889 542 61 750 619 588 866 241 205 853 254 607 967 505 484 963 801 281 774 268 97 750 978 120 398 822 237 911 124 790 
596 661 256 571 981 952 39 169 528 370 48 680 482 750 988 811 175 479 667 19 915 282 339 95 751 73 688 694 138 150 526 241 361 645 686 649 226 604 642 978 734 48 969 667 257 542 131 533 764 351 670 88 297 630 849 296 912 743 548 87 780 344 356 681 -1 656 246 882 91 962 142 571 425 70 659 584 703 143 946 262 849 761 623 934 831 24 270 753 343 20 554 211 191 909 435 238 978 914 791 240 467 740 864 108 78 836 324 437 10 71 418 623 531 650 806 226 209 38 357 757 783 662 918 313 782 456 557 45 926 711 799 688 969 931 207 673 402 120 114 401 
444 574 637 637 13 879 575 570 244 520 920 655 660 314 273 658 895 228 887 414 275 232 910 681 69 426 826 53 75 558 906 951 701 635 981 551 477 767 163 259 640 459 557 618 361 902 938 781 358 201 813 475 462 80 732 388 175 542 710 450 502 211 321 388 891 -1 873 638 17 339 650 912 662 64 85 948 853 676 949 117 626 105 555 940 969 544 216 944 763 687 783 31 138 519 363 544 848 879 816 96 391 481 100 125 548 171 585 312 86 38 231 118 322 447 271 292 860 468 300 305 936 369 630 637 596 845 950 343 749 735 739 461 288 70 271 400 859 836 426 630 
183 337 896 103 979 412 623 90 426 870 993 468 487 180 745 493 701 713 251 496 423 608 448 564 860 977 450 335 383 291 199 198 985 80 220 455 663 47 537 128 503 868 63 328 451 268 882 159 193 617 447 862 792 349 383 607 490 167 24 616 790 870 703 196 923 375 -1 182 993 401 532 495 427 979 681 368 83 144 489 690 951 486 892 460 501 989 90 781 204 344 165 249 162 648 605 792 77 431 205 210 18 338 471 614 161 415 829 744 753 591 361 967 86 582 463 388 239 930 320 323 448 28 366 627 35 262 427 46 901 384 176 77 236 514 264 480 623 595 975 485 
255 920 515 28 373 719 289 596 23 769 343 107 718 102 830 596 58 247 770 404 611 241 799 491 204 555 298 895 718 926 795 587 307 380 797 138 258 277 550 797 562 817 814 258 718 594 472 317 762 585 502 224 494 636 873 199 849 673 348 916 732 227 673 78 815 347 177 -1 547 66 709 19 980 186 655 381 109 423 464 712 209 234 509 904 325 171 445 874 90 623 865 649 610 813 968 257 930 988 191 567 627 663 211 491 12 538 713 783 637 372 796 320 201 256 124 972 912 584 669 506 526 305 151 766 416 968 816 83 503 538 634 922 293 746 386 124 618 20 590 222 
748 232 826 963 791 293 755 147 190 920 221 778 551 988 933 811 900 434 697 588 502 130 145 765 294 121 206 709 409 353 733 538 856 692 973 102 923 620 133 165 168 637 344 691 652 295 712 744 152 497 144 804 685 879 331 305 843 675 936 371 817 176 898 398 198 681 379 730 -1 368 905 760 873 472 690 819 34 540 234 629 149 88 958 271 141 390 699 462 700 966 589 792 311 394 950 698 583 538 744 666 576 562 631 832 435 607 154 618 651 17 996 294 184 249 829 856 385 792 341 636 743 147 63 839 890 426 231 508 240 938 105 401 430 250 373 526 724 414 435 778 
103 513 511 96 670 762 380 600 352 80 281 464 941 454 831 778 769 534 194 230 822 28 210 454 327 948 874 140 778 207 170 589 195 757 400 92 186 501 191 509 212 602 25 527 537 771 533 108 1000 689 877 217 47 494 814 988 768 862 148 158 225 234 502 807 904 59 697 808 521 -1 146 202 136 26 169 207 140 981 312 347 986 563 161 209 550 670 600 363 407 971 880 649 972 444 59 417 854 299 853 902 752 828 169 373 153 237 706 515 109 779 366 99 354 637 638 768 438 543 363 113 762 533 574 29 842 903 103 686 947 279 757 301 941 823 606 99 622 626 347 778 
791 169 615 732 856 784 572 297 60 774 443 964 18 645 855 264 522 223 56 276 507 154 905 691 123 666 181 766 681 885 256 516 690 347 524 107 872 905 774 259 741 674 597 65 824 884 979 109 146 30 808 753 134 93 63 782 241 957 311 588 14 91 853 714 43 990 411 82 601 110 -1 807 552 297 687 357 659 29 427 499 846 187 40 994 589 540 854 611 532 811 615 158 183 262 931 38 636 212 427 620 144 297 115 439 195 946 198 822 578 903 411 527 900 523 599 400 629 424 892 440 963 971 542 517 506 277 140 171 310 533 922 137 725 809 846 989 349 486 938 268 
170 381 10 967 140 989 449 487 541 989 902 275 277 826 900 565 808 82 733 302 964 717 89 934 846 69 792 973 646 657 163 635 328 642 825 382 510 274 231 101 298 348 118 578 642 356 156 355 890 20 962 155 637 647 715 724 970 726 451 193 91 232 979 858 496 693 960 940 976 831 864 -1 839 491 1000 13 789 318 681 747 60 804 352 914 761 237 500 25 615 912 656 32 147 888 320 761 920 101 770 183 388 163 733 63 923 679 779 573 289 104 982 88 469 757 394 270 506 987 103 423 629 699 54 836 388 702 675 636 191 42 210 918 968 996 591 940 360 803 898 339 
665 509 26 673 318 842 202 845 895 442 535 844 198 987 269 636 744 388 241 889 796 609 25 978 767 10 932 700 290 83 505 709 455 676 333 359 92 738 198 565 479 461 552 697 971 401 830 44 614 669 736 431 736 13 136 535 517 842 337 999 589 49 49 527 562 429 248 28 807 229 505 735 -1 53 952 780 261 25 682 780 270 171 131 91 58 427 781 208 622 272 180 465 276 186 92 638 187 449 241 529 759 263 20 619 595 463 587 348 255 360 989 303 733 701 639 264 69 930 36 709 129 867 954 637 693 725 193 821 38 493 416 531 201 457 611 905 583 798 284 454 
323 791 994 556 847 794 519 816 135 914 948 631 941 137 553 345 247 899 530 418 1000 625 626 118 960 263 155 821 689 440 456 976 51 303 840 679 63 745 889 930 602 749 108 739 491 998 10 788 646 221 256 728 374 794 709 543 521 1000 127 419 773 66 749 294 876 658 380 662 756 322 724 501 134 -1 125 78 672 231 152 22 822 131 820 979 918 28 474 985 376 478 533 291 322 42 16 110 415 818 741 405 435 483 404 175 909 209 553 577 843 68 573 157 350 39 319 611 284 873 702 303 263 819 736 788 771 827 654 791 275 457 725 735 859 353 723 333 408 866 518 682 
399 616 62 140 802 444 528 625 250 715 932 785 878 50 874 377 716 294 722 896 398 902 941 505 489 824 869 538 71 695 766 997 561 249 158 717 63 872 589 498 385 674 614 490 784 590 622 545 621 905 799 84 614 11 957 350 446 420 792 119 286 977 683 381 729 40 941 154 816 791 926 263 424 50 -1 776 741 997 408 384 984 492 293 58 502 139 327 600 634 210 826 177 31 452 286 501 206 384 548 726 859 545 499 910 140 157 480 887 622 402 377 278 110 677 867 887 371 601 530 686 524 182 308 346 215 467 765 60 142 201 187 458 38 870 944 696 184 71 641 375 
350 441 358 907 58 888 45 511 142 630 742 133 927 500 321 579 889 963 664 208 882 479 211 69 118 60 211 532 852 846 434 806 314 235 103 290 708 886 199 610 429 496 372 534 360 969 444 884 813 388 993 408 346 981 640 135 687 474 166 616 947 577 240 458 122 64 206 878 247 788 79 350 300 840 792 -1 517 895 696 995 474 16 470 600 56 857 927 396 796 86 119 478 631 451 580 907 322 492 880 929 139 850 918 557 209 906 416 385 757 197 77 963 796 792 779 951 931 382 111 666 876 564 674 920 957 364 983 386 834 782 337 500 824 539 13 898 542 562 753 300 
622 720 730 835 879 350 804 79 251 258 287 398 625 263 838 531 350 632 838 264 983 908 297 111 475 177 20 966 159 425 249 468 16 971 308 909 194 649 499 461 405 478 939 477 450 773 765 470 972 971 131 836 304 392 700 760 967 572 924 980 441 677 481 299 816 932 603 326 991 34 542 360 771 194 809 593 -1 72 847 589 923 311 808 982 397 83 389 728 942 394 845 329 990 893 305 820 491 68 244 262 166 70 710 66 606 553 847 668 316 28 63 933 891 86 613 950 44 468 479 627 751 436 930 125 230 118 500 550 592 269 833 600 750 69 197 151 771 993 276 204 
663 963 529 700 629 763 681 971 427 699 770 183 92 263 702 728 589 884 637 864 133 584 809 600 885 399 435 425 220 586 904 491 743 287 380 519 611 516 971 917 520 528 1000 261 720 828 390 439 675 920 449 45 216 205 880 132 1000 176 738 492 498 161 725 520 919 454 858 314 692 324 180 583 527 708 363 561 267 -1 873 757 620 622 816 983 463 652 268 402 536 422 83 667 729 797 372 755 235 486 913 483 240 814 960 137 921 157 890 940 840 678 752 356 372 915 31 742 849 182 237 251 74 124 347 390 452 662 197 829 293 963 889 440 226 975 832 988 243 324 448 353 
423 177 158 487 370 412 681 81 198 843 257 832 166 978 497 482 217 956 460 289 21 913 58 932 514 861 34 312 569 578 274 935 867 641 172 712 899 574 730 47 212 146 773 605 564 744 296 108 241 821 597 89 603 326 470 184 411 798 264 840 428 255 917 125 553 399 305 988 84 315 473 580 654 584 336 117 38 441 -1 863 462 850 518 990 303 173 981 670 167 622 782 704 415 461 92 198 929 888 378 642 27 337 759 515 802 153 101 737 946 471 162 493 776 957 940 147 753 754 871 150 202 275 214 767 60 737 36 414 838 898 12 47 329 953 478 20 796 923 424 695 
198 886 87 904 587 158 788 523 592 29 406 413 439 564 32 364 918 601 67 595 220 42 234 346 444 942 121 901 522 687 566 790 991 344 742 477 144 764 199 112 745 863 188 115 786 427 549 348 24 638 114 947 417 457 985 751 405 460 120 796 600 716 659 31 540 50 536 498 989 147 731 645 309 378 288 332 178 90 145 -1 769 805 274 797 121 602 365 543 829 889 471 313 380 375 362 596 343 743 537 638 704 143 237 817 267 503 444 708 473 611 573 667 730 61 310 891 603 830 812 260 131 897 774 662 726 671 267 476 688 499 676 482 855 704 156 922 825 429 838 587 
612 537 968 125 557 243 580 230 73 260 147 244 658 429 226 864 747 736 709 493 855 921 902 410 620 614 323 34 888 436 416 941 341 228 807 829 785 254 643 711 603 838 835 926 253 352 485 860 614 764 957 527 225 726 808 196 463 250 769 205 440 58 244 213 892 101 739 399 286 471 935 809 21 58 836 615 714 32 111 156 -1 77 793 689 674 279 531 613 553 572 498 459 831 992 169 351 638 790 964 937 730 476 902 441 782 261 345 437 611 752 463 400 783 764 901 446 424 459 801 810 62 431 619 662 417 947 38 932 198 439 632 413 246 344 975 920 227 717 136 385 
842 207 781 322 263 992 118 152 723 989 473 58 34 732 309 86 114 532 330 565 974 794 520 90 193 933 660 421 759 578 437 627 352 885 698 1000 745 54 530 549 714 18 101 774 339 561 597 260 750 525 476 818 339 605 242 469 907 366 584 163 366 384 417 979 631 578 875 54 84 546 826 260 908 206 251 690 653 198 393 754 581 -1 735 510 524 410 137 645 447 712 731 770 183 315 674 752 384 42 744 470 814 874 828 93 609 680 749 717 605 683 76 788 858 540 735 207 935 113 319 520 417 485 504 249 714 582 549 688 657 258 160 604 704 834 998 389 696 455 231 291 
523 823 340 506 241 125 398 979 584 978 423 227 699 566 812 479 636 445 672 811 163 421 472 117 234 729 292 949 966 515 498 702 662 137 132 376 44 114 46 798 613 724 604 404 542 320 521 664 25 311 363 488 233 65 446 485 437 178 784 638 962 281 608 342 568 33 717 277 911 562 757 611 646 983 88 146 703 989 177 880 901 736 -1 382 937 417 757 551 692 966 941 531 137 131 237 824 978 595 818 21 490 73 741 52 13 867 669 636 17 123 115 914 392 739 788 677 697 592 481 61 500 714 663 699 434 428 146 161 306 186 323 153 919 172 448 414 134 788 440 857 
722 323 748 591 448 687 205 344 334 115 573 699 147 938 901 419 431 18 116 246 916 455 516 45 922 359 779 178 812 842 757 901 467 10 167 823 191 679 480 341 244 265 689 962 384 244 892 653 160 541 205 296 673 699 314 448 639 894 900 613 271 118 562 365 874 72 651 788 670 302 962 589 319 560 483 266 321 681 777 84 682 405 138 -1 677 749 680 861 370 244 690 656 798 156 634 686 434 535 471 995 209 893 704 804 734 74 571 416 266 674 949 610 738 540 263 842 858 498 279 544 681 73 210 465 381 121 483 536 523 339 598 331 692 278 639 109 373 193 926 990 
654 174 476 524 34 90 695 830 798 103 729 14 363 850 858 151 33 545 478 59 312 495 668 210 11 445 817 438 770 60 826 446 571 253 440 52 761 491 667 870 584 988 598 580 933 686 905 726 179 350 66 373 395 183 226 732 880 975 575 717 57 109 112 611 621 459 416 345 154 845 890 471 567 971 323 435 253 234 632 672 214 23 751 264 -1 750 280 352 274 859 350 62 962 747 193 137 353 759 259 269 534 196 867 188 846 678 360 597 604 787 264 344 833 451 941 885 581 234 472 215 469 46 779 74 953 810 303 37 332 145 576 655 150 936 744 194 436 203 983 524 
56 131 205 288 578 533 185 744 417 192 278 932 595 535 545 187 286 244 752 511 492 701 70 538 174 919 928 91 25 345 880 283 632 963 388 505 70 996 882 231 873 778 207 222 378 731 836 117 128 455 261 777 665 230 550 637 183 573 775 239 890 212 442 822 230 371 36 333 797 582 373 546 792 397 703 582 709 589 691 445 310 619 824 675 209 -1 660 171 875 893 228 962 307 325 383 183 370 484 64 337 257 129 688 261 456 655 181 896 73 357 363 613 24 529 957 416 805 662 209 357 473 376 269 535 903 440 374 677 382 155 128 599 83 889 658 668 588 17 967 612 
406 420 642 475 960 874 398 378 140 181 92 910 836 807 761 762 707 67 313 657 862 44 414 78 516 174 644 665 907 154 948 200 995 53 331 599 365 748 669 81 945 748 655 595 341 242 746 301 152 488 323 229 386 610 551 353 966 827 816 673 169 543 378 209 539 639 915 351 780 915 207 196 888 525 820 410 554 232 39 128 13 214 571 534 330 931 -1 818 187 964 289 347 943 778 978 904 770 712 119 904 660 522 434 98 705 727 387 188 791 214 901 22 705 326 451 290 917 891 987 110 561 356 940 77 291 164 388 466 16 27 328 314 308 989 975 386 509 634 232 790 
678 974 282 286 949 687 698 52 293 150 341 542 885 576 743 85 354 555 145 188 715 736 412 579 824 437 708 316 155 533 788 496 680 255 650 131 118 60 588 676 391 616 503 971 595 963 749 350 274 30 944 17 43 268 184 616 97 364 580 477 705 323 739 891 572 662 804 805 963 864 339 329 517 680 213 999 239 615 75 252 758 46 327 428 787 487 627 -1 667 828 606 986 150 933 766 93 40 72 445 277 994 974 900 537 18 328 889 134 117 776 813 230 276 992 182 846 461 930 786 304 848 695 347 687 219 694 712 188 561 118 204 711 251 305 530 793 353 942 305 582 
610 798 608 718 842 139 457 965 800 229 181 478 34 989 973 87 217 678 303 85 256 987 255 304 609 697 521 807 898 362 676 732 129 605 183 192 935 488 35 859 196 245 304 443 913 581 463 419 530 807 920 924 84 38 533 653 690 100 359 466 81 513 675 803 320 359 965 74 704 953 883 777 149 674 446 314 957 753 17 210 470 468 792 967 621 91 28 372 -1 394 486 449 284 699 64 142 271 158 374 472 718 794 78 62 684 322 276 906 891 733 961 241 336 923 680 838 208 353 788 682 533 96 327 423 227 758 209 625 717 747 500 592 404 763 160 450 166 65 522 335 
853 561 326 776 784 258 739 561 511 164 63 915 787 832 566 108 986 340 831 980 153 819 698 133 657 127 380 721 518 365 746 957 973 580 996 322 103 947 789 10 270 470 619 455 921 126 163 108 126 101 398 515 512 243 904 441 163 940 349 944 229 739 791 234 689 569 112 730 429 399 629 668 294 694 30 922 607 814 266 781 754 268 967 59 627 892 229 578 796 -1 409 838 23 114 299 130 145 335 18 307 217 623 891 534 701 511 275 841 447 964 986 28 791 201 725 730 971 896 597 180 350 899 906 34 854 121 295 392 88 556 321 211 874 389 543 715 707 690 259 311 
309 87 550 319 740 810 671 789 739 510 85 65 817 111 613 961 187 433 953 829 526 212 224 165 303 407 188 765 604 272 552 912 195 50 173 281 737 259 549 454 776 866 29 521 127 83 249 284 791 988 54 98 998 101 946 998 68 300 114 718 745 362 711 848 136 246 977 420 719 761 448 37 67 640 111 608 808 939 487 531 708 629 239 898 723 837 483 291 372 442 -1 669 656 894 89 695 354 953 479 971 321 195 615 192 118 21 523 128 429 785 918 246 174 314 526 690 996 845 485 419 102 729 887 248 444 237 274 376 24 82 530 538 911 593 899 685 282 21 918 403 
707 86 806 247 855 657 321 868 261 655 935 224 127 965 863 331 484 928 288 273 28 13 627 25 587 65 875 101 489 572 290 377 940 315 121 726 212 181 981 410 911 123 850 659 784 577 1000 90 798 540 226 12 786 995 775 222 152 387 506 805 330 226 117 443 684 991 822 907 67 970 583 425 445 478 587 175 717 604 71 899 631 801 863 76 237 142 475 306 135 272 360 -1 213 111 580 737 92 484 982 480 947 248 672 552 64 450 579 665 209 495 190 384 81 74 72 868 125 775 989 211 482 704 737 146 420 808 977 738 859 195 316 837 636 469 845 879 23 202 684 699 
767 326 209 170 904 204 787 172 636 758 224 575 75 227 956 797 822 555 607 88 542 147 543 444 459 738 778 16 808 145 501 982 685 897 986 216 949 350 200 174 155 499 839 126 808 891 562 513 414 380 330 633 641 453 308 759 175 428 225 408 177 309 481 492 557 632 215 24 826 479 457 343 506 330 28 345 330 846 465 678 396 560 589 986 80 937 673 565 591 952 977 114 -1 35 878 542 458 631 868 331 430 70 900 497 462 573 140 832 817 144 729 591 209 857 479 564 30 946 459 325 490 970 201 424 537 96 165 266 448 358 622 426 543 496 12 979 846 784 549 213 
884 79 379 420 750 155 414 262 635 17 565 331 725 424 175 163 886 108 793 824 558 551 560 433 421 380 241 454 696 754 566 951 549 263 651 57 155 181 43 566 470 209 792 446 310 278 614 311 638 650 433 214 497 990 196 379 449 165 58 668 427 901 622 24 478 858 171 925 333 355 688 140 188 669 65 685 349 978 568 425 828 589 557 886 63 791 162 596 320 206 934 388 120 -1 998 822 677 503 444 349 414 313 631 712 110 702 660 489 544 111 128 237 208 315 428 752 711 22 592 205 547 851 23 601 77 476 466 332 324 956 357 802 713 926 941 624 600 576 110 123 
859 882 185 722 192 594 147 933 688 475 919 242 999 848 888 631 324 811 579 572 997 293 399 193 892 693 124 447 256 939 193 264 998 281 49 795 864 892 697 618 996 210 54 215 919 443 918 336 112 75 19 417 927 239 870 326 470 905 333 375 317 169 642 810 949 481 191 709 629 931 672 182 870 810 989 907 514 807 350 804 874 574 610 256 489 438 965 419 387 898 786 504 317 549 -1 311 176 765 170 425 974 924 521 159 199 371 984 119 256 441 671 683 600 975 267 644 703 504 614 664 732 834 779 927 474 11 374 168 170 299 606 933 842 480 561 10 307 837 760 665 
221 462 545 433 941 192 933 363 981 709 508 454 893 417 749 611 224 473 858 519 940 873 16 319 471 238 362 720 495 235 597 300 720 955 647 458 294 387 172 332 75 365 51 828 83 191 384 320 448 364 116 281 159 237 874 562 298 562 844 568 180 478 801 232 339 335 622 548 47 811 841 311 174 35 893 999 689 792 654 504 730 586 390 44 936 199 138 167 238 44 523 30 881 670 339 -1 557 835 667 981 593 692 309 442 273 502 126 377 423 786 87 149 496 73 34 420 528 868 167 381 439 849 201 301 922 577 398 140 157 19 163 51 466 661 523 199 259 537 789 794 
761 440 894 507 859 52 173 967 959 721 743 224 641 240 836 168 349 548 703 273 803 507 943 171 924 536 10 682 931 135 719 136 569 618 562 534 788 187 128 919 89 203 936 237 428 669 947 59 783 223 498 841 169 737 399 197 676 987 688 886 637 364 79 757 136 739 817 247 28 200 614 845 351 644 273 87 597 471 53 250 138 929 316 568 670 811 177 671 990 831 782 30 600 194 76 453 -1 850 155 594 989 96 584 545 903 47 274 483 133 804 299 193 357 915 755 138 601 507 102 645 355 394 832 224 902 133 665 204 135 361 697 287 89 921 108 829 35 731 414 487 
809 213 959 245 723 744 503 823 772 667 782 168 790 559 35 298 509 163 820 631 466 515 859 219 315 970 778 963 193 212 604 72 795 660 909 708 812 115 520 497 978 447 516 333 406 174 265 246 365 996 644 589 942 505 90 829 950 673 332 264 844 68 103 413 500 986 863 900 631 869 847 431 186 862 218 380 270 646 837 146 953 172 507 360 392 712 820 78 958 769 32 183 324 333 10 55 411 -1 58 820 542 767 286 133 113 24 573 902 234 59 463 857 42 481 162 117 437 576 776 292 859 205 15 55 455 871 521 232 806 977 900 468 254 627 711 915 940 482 27 359 
989 357 736 193 356 958 418 280 956 631 526 238 758 905 293 702 359 648 774 107 934 385 194 790 103 509 80 318 470 876 289 88 801 179 208 320 70 443 243 54 398 381 696 82 961 693 675 982 382 95 270 285 513 468 495 342 41 261 575 434 617 713 908 410 756 272 361 921 819 295 490 541 174 29 797 137 832 960 197 634 355 420 313 904 982 202 692 473 297 277 85 583 221 245 708 811 109 902 -1 394 119 206 995 49 182 493 120 574 815 758 208 253 485 586 802 138 146 436 12 404 198 667 874 104 930 856 602 463 134 656 424 616 80 24 105 259 669 1000 536 613 
904 13 911 492 344 133 333 526 799 534 917 316 890 913 88 508 22 213 167 759 122 55 271 785 115 216 211 568 510 538 203 245 403 494 912 777 397 197 849 632 153 725 753 545 55 729 872 401 219 122 958 242 768 747 541 343 778 188 578 929 331 584 136 415 462 739 618 860 939 706 608 804 328 247 323 396 234 104 952 141 279 854 529 728 867 331 950 55 215 186 363 298 893 13 950 359 305 834 671 -1 406 456 71 747 768 179 793 890 748 55 406 125 884 458 799 362 340 633 568 745 381 439 831 546 889 508 773 948 359 705 561 341 464 437 749 403 715 559 505 875 
291 346 769 829 538 892 1000 825 635 571 534 970 364 497 532 142 338 436 334 947 41 244 775 360 765 30 834 181 643 308 299 110 807 144 455 111 485 816 160 43 196 469 561 424 912 688 255 895 850 602 363 392 530 546 629 462 982 215 57 743 912 79 957 373 16 906 119 82 825 452 421 365 468 518 230 244 338 457 889 794 988 856 420 525 22 86 160 66 767 291 169 196 921 506 672 944 374 31 917 595 -1 330 924 27 201 523 171 977 358 366 601 941 230 496 712 811 193 227 83 489 483 737 186 675 753 699 342 739 631 927 639 886 167 366 248 559 232 531 594 681 
686 265 398 893 451 519 989 159 142 404 25 777 944 12 964 355 439 292 888 80 670 27 353 946 621 772 727 363 803 228 826 469 331 775 696 663 380 791 248 450 324 820 464 841 781 108 78 531 266 94 395 346 813 646 993 621 335 158 764 339 746 203 736 385 630 479 948 952 95 718 533 36 14 415 836 256 853 648 820 939 540 470 100 12 595 304 885 221 477 602 861 582 407 852 240 879 432 332 566 233 781 -1 28 998 702 978 687 38 933 283 492 992 33 83 968 491 915 819 178 284 99 596 275 169 446 594 759 594 317 353 17 184 377 815 717 508 362 186 798 735 
298 450 449 325 118 872 806 824 509 666 445 739 398 257 384 253 500 388 599 574 583 316 879 566 508 911 307 124 99 72 595 15 402 290 426 453 156 959 298 175 91 94 827 307 218 187 348 71 743 350 928 293 168 483 847 127 553 883 400 470 631 357 821 350 268 773 210 424 959 946 514 569 828 478 494 80 468 194 169 853 602 767 922 284 322 673 978 740 939 264 255 480 773 133 662 752 872 821 316 57 622 624 -1 251 549 414 573 355 642 569 659 925 817 825 433 34 558 880 488 156 136 749 238 310 108 853 613 371 225 737 555 936 854 276 990 746 461 83 90 976 
953 47 220 271 499 586 160 780 88 488 565 719 837 613 307 526 472 72 345 259 129 526 896 574 242 269 978 583 492 37 885 284 600 402 328 996 715 815 586 953 66 497 410 175 305 693 351 768 982 989 926 446 307 130 664 871 963 411 443 163 162 902 170 590 206 529 447 539 940 801 603 798 29 590 163 679 820 874 400 539 175 950 647 648 305 60 848 219 218 76 80 636 308 375 503 447 457 577 779 726 915 48 216 -1 535 264 951 392 580 166 229 327 383 413 228 643 698 95 495 234 228 377 400 775 517 509 809 144 851 464 954 290 245 1000 627 765 424 736 241 495 
450 830 320 738 211 396 39 462 557 119 927 949 329 464 74 146 877 610 923 982 328 578 329 715 16 136 341 912 955 830 392 565 565 193 698 964 903 918 96 798 632 866 989 23 900 595 200 180 123 983 392 31 902 821 729 288 258 891 987 461 392 687 532 151 358 202 745 477 31 398 971 609 718 194 911 117 361 331 650 397 869 552 88 807 273 380 85 169 958 677 91 499 126 858 148 646 708 862 128 599 796 366 59 888 -1 99 250 954 638 261 649 86 908 895 245 460 288 767 704 798 722 480 438 483 182 733 341 255 321 567 478 716 904 16 610 320 980 676 442 552 
123 589 270 137 639 581 933 729 696 313 556 199 533 786 81 778 806 122 776 336 817 368 655 212 207 868 663 978 127 790 17 203 497 172 326 647 839 888 145 447 171 298 630 879 114 931 318 562 351 600 771 939 421 654 536 835 694 745 109 281 544 499 788 666 131 773 632 507 177 846 718 781 664 571 480 636 712 343 245 50 103 520 171 71 871 897 814 163 571 988 501 943 991 159 722 366 727 405 453 106 595 851 749 679 960 -1 39 771 287 430 552 217 590 803 279 45 949 166 963 415 76 727 362 583 204 655 799 663 56 954 598 679 354 568 535 113 912 347 840 654 
442 139 80 31 465 845 977 837 207 940 252 294 791 605 604 912 703 539 496 768 704 329 37 822 90 479 15 53 566 266 659 446 862 632 889 267 416 991 840 190 13 964 402 163 720 57 261 349 609 334 617 282 211 569 71 958 114 591 582 800 132 726 838 839 401 423 182 432 564 73 349 754 273 400 912 321 803 660 779 650 37 521 487 791 113 736 861 752 244 995 880 39 272 253 104 393 85 989 182 588 258 460 510 389 951 741 -1 62 434 324 837 449 160 615 891 691 771 188 732 872 752 383 199 173 339 595 12 797 830 815 850 590 569 828 277 686 249 586 861 414 
697 133 270 866 821 856 307 479 762 548 420 695 959 159 84 412 707 352 328 273 542 928 547 224 632 945 744 38 732 528 208 615 260 35 243 918 658 318 422 127 862 71 774 686 41 433 952 28 735 67 363 787 159 144 553 483 977 189 234 467 702 553 171 80 520 580 253 884 378 380 727 43 447 409 716 808 924 396 610 223 156 993 541 382 12 973 333 344 710 762 508 729 971 524 404 145 96 126 695 743 785 829 554 341 500 795 677 -1 538 792 887 38 753 79 37 496 743 192 872 711 222 680 791 555 919 405 772 516 800 822 444 827 692 212 932 894 551 578 635 383 
677 880 210 496 609 567 52 185 208 524 656 362 234 541 867 71 924 533 288 753 253 514 85 489 406 889 616 81 576 189 908 941 629 365 25 506 357 403 870 401 186 13 287 508 540 755 525 159 77 641 409 370 395 102 747 811 455 820 479 42 893 103 291 532 537 735 674 856 544 124 561 733 829 374 244 874 115 871 832 823 747 234 564 844 536 844 502 590 855 25 556 660 156 200 884 85 702 725 455 45 417 529 586 34 655 452 491 643 -1 825 905 613 590 694 857 432 280 797 996 63 782 720 404 49 591 648 733 507 201 520 536 91 740 318 482 314 988 787 687 418 
49 340 12 518 194 543 36 822 596 925 421 858 202 117 357 391 11 771 795 853 883 409 996 765 707 947 940 147 484 715 390 424 676 36 361 481 315 839 726 528 899 28 552 273 127 480 599 756 771 409 56 469 514 54 714 360 307 853 406 748 978 322 637 43 170 700 472 588 302 319 771 945 75 241 165 74 251 470 638 89 772 901 751 296 334 408 351 767 950 768 667 142 982 483 735 592 689 969 217 231 605 373 477 935 457 997 870 881 593 -1 454 594 974 28 325 261 940 943 104 813 106 113 669 963 963 997 32 688 937 478 822 455 705 641 208 298 660 430 133 698 
220 528 120 917 555 157 566 155 77 571 676 506 437 332 304 751 387 796 839 976 929 366 415 825 221 168 839 463 688 517 891 445 717 342 236 954 143 996 236 206 315 75 535 734 491 326 913 131 649 924 237 908 762 723 45 534 774 117 529 704 644 809 67 457 649 609 14 705 902 132 294 323 969 535 872 607 734 940 119 694 939 229 13 424 331 418 776 363 695 259 17 657 495 321 891 595 345 913 956 754 964 845 721 310 447 869 308 329 475 209 -1 385 495 133 701 840 951 412 496 179 660 446 678 838 707 426 519 503 686 816 620 479 773 295 552 602 986 584 382 741 
375 245 617 762 338 164 535 626 879 850 461 628 596 178 188 655 465 722 763 136 920 918 310 727 90 398 890 195 270 19 908 82 578 409 493 444 813 285 980 802 736 73 635 97 706 91 745 274 169 913 894 191 727 487 793 56 80 654 788 138 222 905 195 53 471 843 112 408 915 833 626 656 992 701 11 316 621 480 603 305 417 437 492 946 531 647 537 107 366 142 287 530 118 944 537 533 349 238 712 38 122 109 370 666 340 855 436 297 643 946 791 -1 809 498 215 569 467 811 269 94 225 694 600 441 904 96 552 240 296 953 190 975 831 377 80 306 436 814 220 996 
876 83 570 733 624 94 770 557 482 935 608 392 33 198 411 177 843 639 994 35 468 942 610 420 101 495 194 805 346 435 351 968 486 809 918 96 589 877 346 403 739 80 863 568 616 157 758 605 254 665 235 654 940 301 826 447 479 432 739 267 948 982 166 303 320 795 214 371 730 686 551 235 514 834 767 875 358 479 692 823 364 327 588 953 548 924 404 867 550 920 405 886 584 309 372 330 137 284 106 645 840 276 74 734 778 188 612 762 482 426 841 294 -1 963 464 328 867 352 535 144 882 948 776 257 984 171 186 916 978 606 860 983 738 282 624 262 280 383 607 422 
765 587 455 242 753 70 849 515 168 195 134 639 631 449 707 534 494 878 223 362 39 566 948 363 805 941 77 998 757 360 103 333 691 631 762 262 1000 717 796 344 524 29 232 716 855 125 226 936 631 363 812 16 980 296 813 44 594 808 566 745 479 366 631 116 304 97 52 702 656 626 597 483 227 451 124 628 718 686 829 620 407 21 525 387 614 71 698 309 224 191 732 181 807 955 717 458 191 999 237 804 187 769 773 88 732 991 92 989 508 304 652 35 492 -1 23 566 846 198 892 568 65 387 906 235 388 103 374 532 466 30 49 916 150 94 436 575 132 249 273 80 
990 833 392 951 643 618 316 83 488 975 652 379 547 284 78 224 123 678 93 200 581 667 521 495 436 249 100 783 742 110 249 403 81 733 777 846 399 380 567 520 453 660 144 764 506 974 313 293 797 26 315 827 625 568 233 463 461 679 528 877 688 267 472 21 806 728 467 237 484 419 21 951 736 458 611 170 563 261 540 422 216 197 502 167 711 534 762 47 873 202 147 257 402 430 991 387 183 757 637 62 578 637 702 696 796 196 68 865 997 656 982 877 277 914 -1 863 728 694 86 808 488 783 912 171 201 143 215 542 495 465 625 973 87 665 404 367 307 46 835 127 
400 431 431 360 168 462 452 708 317 460 216 975 421 962 760 870 306 273 868 777 167 373 975 947 745 858 188 616 686 320 246 668 920 198 939 101 344 921 419 640 376 157 63 360 874 357 13 291 850 193 95 354 140 638 786 928 972 416 294 395 239 101 791 282 964 99 305 170 975 414 728 361 889 489 160 497 903 846 252 574 259 756 262 900 194 127 842 500 735 182 111 869 693 522 421 671 43 688 44 281 417 369 782 222 718 265 803 646 532 234 569 335 966 501 31 -1 997 867 174 138 563 374 128 659 510 964 218 422 513 792 688 743 565 508 223 257 822 746 216 418 
933 14 200 867 36 741 711 766 592 306 846 860 496 250 686 97 800 105 702 397 136 50 737 516 52 280 194 449 796 188 471 503 149 433 47 429 746 824 20 893 123 1000 163 56 840 462 95 174 596 535 73 366 114 942 827 610 898 416 143 446 241 391 173 265 242 853 396 990 865 503 204 341 64 792 618 519 711 570 883 212 487 131 579 668 72 544 46 830 492 466 381 923 193 977 198 580 545 28 819 469 331 364 744 882 724 979 651 705 704 94 612 724 450 797 550 201 -1 235 474 813 691 323 578 314 97 271 384 197 840 933 891 809 984 275 874 818 529 258 478 947 
79 975 999 488 662 952 444 776 187 367 536 227 863 371 784 701 366 299 843 706 507 651 578 114 156 728 752 56 19 493 796 462 406 892 960 554 906 787 850 769 220 492 82 301 490 322 696 426 386 432 198 545 781 620 637 334 704 320 320 625 736 90 982 301 786 44 74 301 387 401 743 962 110 159 292 651 477 989 100 763 644 434 442 335 423 783 360 577 15 618 982 31 837 542 887 184 627 844 151 565 631 161 806 581 51 141 292 414 353 374 771 683 999 701 728 456 804 -1 649 839 773 931 707 189 414 685 345 891 114 705 158 893 281 60 521 624 343 385 940 567 
597 53 885 850 76 406 621 586 685 846 541 759 488 393 19 276 37 983 236 930 446 140 178 971 859 105 99 609 52 361 117 337 347 713 189 304 967 840 946 49 679 498 757 599 999 573 350 124 275 67 165 803 950 130 732 988 950 501 432 268 476 381 758 416 58 600 48 913 77 164 792 608 998 334 221 684 299 119 662 554 968 369 417 796 712 147 867 801 589 838 891 778 564 362 909 703 590 576 356 211 94 36 592 547 121 443 848 963 823 621 117 85 429 330 825 268 34 576 -1 849 868 985 138 27 411 402 919 441 341 288 915 220 816 463 83 729 919 747 253 50 
908 440 520 989 304 646 420 500 690 699 860 385 130 160 280 704 364 595 602 318 659 176 922 211 604 811 82 385 259 838 975 742 84 587 576 57 957 413 923 409 60 390 106 772 626 586 810 782 998 332 146 367 116 922 824 835 78 956 552 682 965 86 420 787 681 568 41 462 216 399 124 828 664 980 157 858 479 836 877 203 707 721 85 965 100 943 463 60 800 69 480 948 332 321 881 342 531 949 948 565 916 379 683 464 996 562 556 45 172 126 330 926 519 995 359 639 971 240 903 -1 110 238 552 201 983 212 415 813 169 35 362 458 209 939 465 812 886 361 137 230 
158 377 820 805 713 818 433 466 894 898 53 873 563 788 427 475 371 494 677 182 379 300 746 527 583 713 134 718 153 906 508 332 788 214 379 654 811 849 174 96 491 862 736 921 172 847 655 910 108 774 53 508 160 588 908 832 440 881 749 992 28 618 146 471 55 849 590 277 620 62 989 333 786 577 610 827 44 348 194 650 794 31 186 714 262 737 713 924 893 713 47 777 756 741 392 686 947 877 850 69 591 751 875 156 394 972 491 613 552 179 396 808 760 507 635 527 382 330 568 238 -1 941 39 386 732 196 386 803 129 71 400 275 951 852 77 711 681 812 712 133 
743 155 695 853 213 755 340 349 749 342 423 187 26 901 367 101 898 661 735 685 630 128 743 252 788 869 679 734 977 529 403 721 703 134 123 731 482 333 945 153 149 92 668 586 518 286 589 93 430 345 764 330 298 59 869 365 680 885 318 569 296 197 618 611 759 829 162 323 360 79 754 25 622 422 563 455 58 193 142 140 709 971 47 995 867 285 857 794 65 514 694 503 843 227 672 761 498 321 147 582 760 880 200 57 709 300 74 87 410 37 773 272 400 16 571 785 291 65 881 203 770 -1 357 405 665 264 375 72 22 29 417 703 901 796 264 627 942 66 159 272 
113 601 464 505 378 712 840 409 42 328 643 606 694 132 259 356 143 529 134 600 203 735 451 200 611 955 640 495 725 187 314 957 674 791 202 11 713 320 269 825 496 497 354 569 889 474 454 863 951 289 884 967 730 308 426 942 268 884 339 649 799 490 771 56 337 235 452 61 201 977 761 888 585 263 405 460 650 369 476 622 906 944 399 814 203 574 319 981 630 773 471 637 867 859 392 1000 227 526 353 122 237 141 307 66 976 733 611 990 800 249 366 995 699 264 418 608 932 956 619 213 864 456 -1 693 269 736 687 720 258 741 236 772 102 498 323 385 308 112 720 525 
418 962 351 241 447 415 79 725 675 26 361 819 86 566 225 952 46 641 115 738 893 659 99 220 228 264 475 409 402 678 958 172 966 871 331 923 901 585 990 192 792 197 953 354 116 952 474 85 905 394 204 837 580 70 286 944 809 104 154 512 467 800 475 670 567 153 618 134 672 886 703 332 853 721 538 16 50 386 187 504 330 922 700 923 952 267 604 890 65 88 1000 444 899 800 265 679 728 901 149 845 570 93 465 487 692 286 214 934 533 227 835 84 71 442 916 921 500 730 986 819 403 410 553 -1 705 124 982 617 232 754 144 90 140 389 768 125 154 399 924 328 
822 967 414 574 118 474 805 629 194 281 662 518 175 898 172 732 86 33 527 386 895 751 454 928 376 975 342 508 982 542 384 809 780 729 15 62 582 922 318 16 699 128 250 634 113 64 545 672 865 632 902 577 633 296 462 263 625 723 140 970 733 236 550 408 291 926 584 864 860 836 293 74 750 572 296 101 718 656 423 68 142 42 807 928 319 543 59 202 823 347 703 528 151 304 352 465 483 866 852 781 105 988 340 526 768 861 362 865 751 216 269 737 212 998 429 11 796 579 52 982 182 555 735 115 -1 487 646 860 120 468 915 318 257 895 783 796 626 680 803 123 
24 542 805 238 386 785 738 935 996 712 619 988 375 648 133 592 957 942 319 454 446 773 597 963 682 197 935 875 341 491 957 475 683 658 493 922 45 330 17 701 241 185 289 340 849 817 759 955 363 106 544 418 833 668 331 137 816 877 820 118 919 440 459 377 158 217 485 987 753 652 976 660 580 260 771 323 496 781 904 500 680 234 254 47 363 828 551 786 765 288 556 227 683 839 884 233 340 89 84 608 81 1000 715 377 351 858 160 472 800 306 349 550 686 260 242 684 990 479 488 953 288 166 850 176 735 -1 133 535 742 675 874 42 591 212 34 627 766 926 99 721 
165 976 998 233 757 995 802 496 452 16 415 903 562 641 326 843 692 144 159 119 538 322 156 435 155 803 637 306 276 501 614 344 306 559 938 950 838 752 300 390 408 375 980 823 494 714 809 458 887 667 696 533 760 337 680 82 641 762 553 549 529 933 896 613 942 496 809 377 917 364 683 180 710 453 945 194 491 581 452 356 881 563 555 907 445 536 199 108 448 799 144 810 406 813 547 143 451 951 104 876 66 546 53 507 843 500 403 629 129 997 648 412 670 781 661 500 960 199 165 695 883 682 877 374 355 742 -1 315 844 640 154 220 297 656 328 228 257 973 457 29 
830 685 305 817 673 504 767 570 354 658 727 889 388 506 674 627 642 785 193 631 53 978 360 245 619 412 657 288 45 764 482 576 155 291 250 850 859 868 10 556 241 738 710 779 822 406 771 437 570 177 229 325 416 142 876 569 380 159 371 334 900 703 527 117 754 560 717 331 431 212 22 129 668 223 901 228 895 690 851 996 674 570 336 677 43 736 804 605 883 716 72 465 611 775 100 274 805 697 639 986 842 140 797 370 258 951 455 976 767 415 815 721 411 469 919 64 102 371 354 578 121 660 651 44 615 222 719 -1 452 298 797 219 544 27 177 676 410 562 247 509 
621 563 735 313 703 795 822 14 262 323 961 772 926 261 761 126 690 795 157 900 41 830 932 72 137 363 490 731 628 848 258 280 260 341 390 434 877 950 556 946 806 634 575 725 982 603 266 82 109 382 766 99 972 171 477 571 888 221 199 910 747 253 23 583 538 244 276 814 350 461 932 751 760 173 36 885 823 486 823 88 614 899 700 154 811 663 869 458 631 18 924 97 445 710 780 869 830 812 860 616 971 88 443 118 262 516 813 270 295 608 877 858 170 327 452 17 271 124 868 781 141 982 303 999 605 839 250 325 -1 261 393 144 890 509 11 31 252 940 252 396 
837 919 208 33 587 406 441 944 288 140 719 45 690 554 868 54 801 418 171 588 254 284 802 850 167 652 156 968 522 269 448 937 568 122 985 229 275 669 805 468 499 651 39 489 211 714 579 491 328 939 411 900 682 210 606 310 531 678 253 811 480 886 543 296 339 838 858 72 620 892 379 548 152 556 932 785 912 315 657 759 249 464 717 717 639 949 227 603 573 255 493 143 509 460 636 390 736 383 363 395 671 905 749 127 641 987 811 128 875 639 624 13 24 719 789 231 66 390 171 306 575 197 573 575 262 765 524 793 121 -1 347 624 139 475 816 708 677 728 172 689 
1000 194 412 66 976 666 705 849 759 880 605 996 248 684 490 149 466 571 334 65 486 689 232 443 79 326 490 149 392 574 833 801 652 943 398 970 127 870 607 766 383 840 369 444 851 181 915 852 766 425 313 723 763 849 252 548 508 966 398 343 162 266 567 944 433 491 588 822 425 572 749 187 661 316 166 938 579 74 950 794 941 300 635 77 445 349 687 351 397 43 926 357 63 125 926 29 73 925 828 716 422 464 16 472 564 304 119 876 314 678 958 979 515 688 521 597 894 978 788 970 506 607 92 586 582 741 560 815 334 255 -1 644 858 247 199 782 384 211 325 644 
165 732 321 108 87 582 245 581 557 666 903 304 519 591 770 182 534 488 722 337 75 16 299 80 767 207 224 356 982 387 843 259 230 311 477 189 113 962 74 596 596 27 693 911 870 181 388 285 847 508 128 474 865 194 891 957 999 975 343 549 919 554 752 439 988 909 976 606 958 860 600 199 359 47 158 612 234 763 617 99 949 37 239 882 329 54 468 945 618 346 653 138 442 641 946 99 959 636 453 376 361 641 84 70 613 878 340 819 136 239 489 712 846 790 62 911 104 367 892 954 674 959 65 511 719 719 710 232 603 807 628 -1 78 618 808 135 695 841 829 515 
489 584 818 423 568 769 670 265 826 143 824 211 381 12 205 954 919 583 297 680 18 346 51 69 988 260 152 535 11 238 667 116 968 994 534 853 976 579 243 728 975 53 216 202 34 219 91 24 550 810 659 985 369 163 940 79 314 966 964 491 742 185 239 728 334 299 508 910 726 956 439 374 819 807 686 784 802 929 517 40 76 205 79 250 663 466 455 426 472 536 62 883 184 857 966 971 78 383 859 426 430 872 440 927 112 871 25 553 841 846 604 947 748 76 647 376 431 629 938 852 398 578 331 214 642 753 986 388 477 619 781 619 -1 766 334 219 391 274 485 219 
402 907 762 676 32 374 597 884 599 97 846 78 741 746 560 852 70 105 416 164 725 136 310 440 687 516 164 14 26 194 854 287 647 194 588 25 152 129 801 800 424 891 540 518 50 942 716 912 559 414 898 622 592 861 822 923 85 785 635 687 511 287 200 745 92 734 886 956 355 598 778 705 920 840 126 374 599 928 360 380 170 355 495 201 56 195 553 347 212 356 193 650 271 657 730 691 792 508 706 738 622 501 886 225 123 263 854 497 280 891 346 880 385 221 252 909 635 593 562 563 948 973 105 419 391 816 780 872 683 282 698 455 487 -1 196 255 447 32 887 669 
254 49 448 1000 365 354 504 356 641 581 373 505 405 518 350 452 688 786 380 467 987 634 790 785 945 207 871 438 796 298 347 780 563 590 690 680 970 258 614 354 333 658 914 270 343 267 219 924 449 977 862 824 562 577 911 403 258 148 814 859 920 870 997 125 407 396 785 414 616 756 842 927 517 359 138 838 747 384 122 148 250 995 66 572 343 297 785 797 13 706 424 488 271 838 563 640 465 343 654 872 409 789 793 835 256 88 498 677 44 373 918 747 262 614 117 490 183 155 482 506 711 966 916 515 927 72 129 48 106 330 48 599 327 245 -1 579 463 582 755 299 
878 561 20 165 574 352 635 671 772 872 519 826 416 822 296 632 669 628 444 752 564 729 190 691 953 585 638 233 405 944 828 972 850 873 760 985 288 559 662 362 266 645 949 827 719 91 682 58 736 737 898 759 171 224 954 615 289 263 884 772 876 246 712 818 209 655 523 257 449 558 670 615 758 954 13 818 718 632 831 343 415 739 380 50 731 339 266 232 418 378 159 226 575 559 97 779 23 558 746 744 900 138 869 91 323 440 111 417 887 914 196 589 662 755 233 159 310 862 997 550 891 161 523 245 506 970 552 707 114 651 42 915 816 94 156 -1 561 770 462 819 
955 627 367 943 766 647 478 565 122 152 437 435 78 296 822 714 815 409 493 277 98 279 890 153 850 974 894 712 339 496 335 343 741 941 820 743 817 210 898 810 188 195 110 894 217 394 803 292 994 231 86 610 651 780 843 824 825 170 243 889 677 635 223 545 630 742 889 669 344 796 670 487 575 340 871 918 432 461 364 823 346 808 541 919 991 393 122 199 527 728 807 315 445 540 747 477 152 931 463 704 452 535 757 480 244 632 424 166 297 34 394 100 779 912 417 956 143 581 468 756 38 421 339 217 97 127 104 548 957 839 577 85 776 750 301 748 -1 401 980 330 
675 118 936 63 712 991 51 452 366 456 917 543 148 28 865 546 607 266 244 288 365 924 301 191 644 744 973 94 449 770 328 244 548 631 231 474 715 990 77 501 176 660 467 727 167 69 671 908 172 531 41 203 656 363 615 318 460 674 230 559 313 166 582 530 681 566 497 164 802 56 21 308 435 995 916 948 32 812 88 109 973 242 517 940 583 807 857 424 420 501 23 602 949 423 777 795 984 62 44 900 121 253 347 341 204 288 975 353 503 987 151 966 721 705 986 609 563 633 678 264 549 724 60 250 68 601 186 802 398 106 519 719 679 263 273 52 348 -1 17 339 
200 115 470 117 269 620 18 749 140 975 797 508 881 88 681 283 903 147 757 268 996 82 736 561 766 560 328 456 478 250 859 874 14 331 820 585 509 199 356 338 784 339 208 808 58 811 529 398 849 119 722 66 904 126 368 493 523 20 842 326 521 155 348 238 798 463 428 145 219 503 323 786 971 694 177 524 117 363 741 35 225 293 125 912 663 870 746 268 608 410 221 503 235 335 646 126 652 238 462 52 84 288 16 821 124 117 66 896 349 26 423 920 453 445 182 238 590 533 25 135 227 456 914 381 770 907 836 518 694 981 506 965 354 909 355 910 307 267 -1 105 
193 50 262 969 445 286 372 500 394 201 216 142 209 293 756 73 608 341 390 836 59 781 841 423 539 327 737 781 38 577 180 692 693 634 974 703 239 637 290 655 129 161 587 810 454 179 356 56 133 96 617 659 990 793 940 469 993 791 202 653 716 168 622 212 808 869 925 536 273 113 804 873 826 890 557 700 77 269 168 321 553 111 666 671 504 355 553 251 202 751 197 934 353 525 796 570 105 111 586 979 745 550 646 383 866 343 325 805 620 384 422 93 266 356 340 599 587 570 316 637 746 419 694 226 205 351 895 815 705 984 451 481 540 833 713 806 15 761 1000 -1